#Tree:
7,7,5
#Board:
1
#AgentA:
0,0,0,0
#AgentB:
0,0,0,0
#Highlight:
0,0,0,0
#Content:
0|0|0|0|0|0|0
0|0|0|0|0|0|0
0|0|0|0|0|0|0
0|0|0|0|0|0|0
0|0|1|0|0|0|0
0|1|0|1|0|0|0
0|0|0|0|0|0|0
$Board:
~~
#Board:
1.1
#AgentA:
0,0,0,0
#AgentB:
0,0,0,0
#Highlight:
0,0,0,0
#Content:
0|0|0|0|0|0|0
0|0|0|0|0|0|0
0|0|0|0|0|0|0
0|0|0|0|0|0|0
0|0|0|0|0|0|0
0|0|0|0|0|0|0
0|0|0|0|0|0|0
$Board:
#Board:
1.0
#AgentA:
0,0,0,0
#AgentB:
0,0,0,0
#Highlight:
0,0,0,0
#Content:
0|0|0|0|0|0|0
0|0|0|0|0|0|0
0|0|0|0|0|0|0
0|0|0|0|0|0|0
0|0|0|0|0|0|0
0|0|0|0|0|0|0
0|0|0|0|0|0|0
$Board:
~~
#Board:
1.1.1
#AgentA:
0,0,0,0
#AgentB:
0,0,0,0
#Highlight:
0,0,0,0
#Content:
0|0|0|0|0|0|0
0|0|0|0|0|0|0
0|0|0|0|0|0|0
0|0|0|0|0|0|0
0|0|0|0|0|0|0
0|0|0|0|0|0|0
0|0|0|0|0|0|0
$Board:
#Board:
1.1.0
#AgentA:
0,0,0,0
#AgentB:
0,0,0,0
#Highlight:
0,0,0,0
#Content:
0|0|0|0|0|0|0
0|0|0|0|0|0|0
0|0|0|0|0|0|0
0|0|0|0|0|0|0
0|0|0|0|0|0|0
0|0|0|0|0|0|0
0|0|0|0|0|0|0
$Board:
#Board:
1.0.1
#AgentA:
0,0,0,0
#AgentB:
0,0,0,0
#Highlight:
0,0,0,0
#Content:
0|0|0|0|0|0|0
0|0|0|0|0|0|0
0|0|0|0|0|0|0
0|0|0|0|0|0|0
0|0|0|0|0|0|0
0|0|0|0|0|0|0
0|0|0|0|0|0|0
$Board:
#Board:
1.0.0
#AgentA:
0,0,0,0
#AgentB:
0,0,0,0
#Highlight:
0,0,0,0
#Content:
0|0|0|0|0|0|0
0|0|0|0|0|0|0
0|0|0|0|0|0|0
0|0|0|0|0|0|0
0|0|0|0|0|0|0
0|0|0|0|0|0|0
0|0|0|0|0|0|0
$Board:
~~
#Board:
1.1.1.1
#AgentA:
0,0,0,0
#AgentB:
0,0,0,0
#Highlight:
0,0,0,0
#Content:
0|0|0|0|0|0|0
0|0|0|0|0|0|0
0|0|0|0|0|0|0
0|0|0|0|0|0|0
0|0|0|0|0|0|0
0|0|0|0|0|0|0
0|0|0|0|0|0|0
$Board:
#Board:
1.1.1.0
#AgentA:
0,0,0,0
#AgentB:
0,0,0,0
#Highlight:
0,0,0,0
#Content:
0|0|0|0|0|0|0
0|0|0|0|0|0|0
0|0|0|0|0|0|0
0|0|0|0|0|0|0
0|0|0|0|0|0|0
0|0|0|0|0|0|0
0|0|0|0|0|0|0
$Board:
#Board:
1.1.0.1
#AgentA:
0,0,0,0
#AgentB:
0,0,0,0
#Highlight:
0,0,0,0
#Content:
0|0|0|0|0|0|0
0|0|0|0|0|0|0
0|0|0|0|0|0|0
0|0|0|0|0|0|0
0|0|0|0|0|0|0
0|0|0|0|0|0|0
0|0|0|0|0|0|0
$Board:
#Board:
1.1.0.0
#AgentA:
0,0,0,0
#AgentB:
0,0,0,0
#Highlight:
0,0,0,0
#Content:
0|0|0|0|0|0|0
0|0|0|0|0|0|0
0|0|0|0|0|0|0
0|0|0|0|0|0|0
0|0|0|0|0|0|0
0|0|0|0|0|0|0
0|0|0|0|0|0|0
$Board:
#Board:
1.0.1.1
#AgentA:
0,0,0,0
#AgentB:
0,0,0,0
#Highlight:
0,0,0,0
#Content:
0|0|0|0|0|0|0
0|0|0|0|0|0|0
0|0|0|0|0|0|0
0|0|0|0|0|0|0
0|0|0|0|0|0|0
0|0|0|0|0|0|0
0|0|0|0|0|0|0
$Board:
#Board:
1.0.1.0
#AgentA:
0,0,0,0
#AgentB:
0,0,0,0
#Highlight:
0,0,0,0
#Content:
0|0|0|0|0|0|0
0|0|0|0|0|0|0
0|0|0|0|0|0|0
0|0|0|0|0|0|0
0|0|0|0|0|0|0
0|0|0|0|0|0|0
0|0|0|0|0|0|0
$Board:
#Board:
1.0.0.1
#AgentA:
0,0,0,0
#AgentB:
0,0,0,0
#Highlight:
0,0,0,0
#Content:
0|0|0|0|0|0|0
0|0|0|0|0|0|0
0|0|0|0|0|0|0
0|0|0|0|0|0|0
0|0|0|0|0|0|0
0|0|0|0|0|0|0
0|0|0|0|0|0|0
$Board:
#Board:
1.0.0.0
#AgentA:
0,0,0,0
#AgentB:
0,0,0,0
#Highlight:
0,0,0,0
#Content:
0|0|0|0|0|0|0
0|0|0|0|0|0|0
0|0|0|0|0|0|0
0|0|0|0|0|0|0
0|0|0|0|0|0|0
0|0|0|0|0|0|0
0|0|0|0|0|0|0
$Board:
~~
#Board:
1.1.1.1.1
#AgentA:
0,0,0,0
#AgentB:
0,0,0,0
#Highlight:
0,0,0,0
#Content:
0|0|0|0|0|0|0
0|0|0|0|0|0|0
0|0|0|0|0|0|0
0|0|0|0|0|0|0
0|0|0|0|0|0|0
0|0|0|0|0|0|0
0|0|0|0|0|0|0
$Board:
#Board:
1.1.1.1.0
#AgentA:
0,0,0,0
#AgentB:
0,0,0,0
#Highlight:
0,0,0,0
#Content:
0|0|0|0|0|0|0
0|0|0|0|0|0|0
0|0|0|0|0|0|0
0|0|0|0|0|0|0
0|0|0|0|0|0|0
0|0|0|0|0|0|0
0|0|0|0|0|0|0
$Board:
#Board:
1.1.1.0.1
#AgentA:
0,0,0,0
#AgentB:
0,0,0,0
#Highlight:
0,0,0,0
#Content:
0|0|0|0|0|0|0
0|0|0|0|0|0|0
0|0|0|0|0|0|0
0|0|0|0|0|0|0
0|0|0|0|0|0|0
0|0|0|0|0|0|0
0|0|0|0|0|0|0
$Board:
#Board:
1.1.1.0.0
#AgentA:
0,0,0,0
#AgentB:
0,0,0,0
#Highlight:
0,0,0,0
#Content:
0|0|0|0|0|0|0
0|0|0|0|0|0|0
0|0|0|0|0|0|0
0|0|0|0|0|0|0
0|0|0|0|0|0|0
0|0|0|0|0|0|0
0|0|0|0|0|0|0
$Board:
#Board:
1.1.0.1.1
#AgentA:
0,0,0,0
#AgentB:
0,0,0,0
#Highlight:
0,0,0,0
#Content:
0|0|0|0|0|0|0
0|0|0|0|0|0|0
0|0|0|0|0|0|0
0|0|0|0|0|0|0
0|0|0|0|0|0|0
0|0|0|0|0|0|0
0|0|0|0|0|0|0
$Board:
#Board:
1.1.0.1.0
#AgentA:
0,0,0,0
#AgentB:
0,0,0,0
#Highlight:
0,0,0,0
#Content:
0|0|0|0|0|0|0
0|0|0|0|0|0|0
0|0|0|0|0|0|0
0|0|0|0|0|0|0
0|0|0|0|0|0|0
0|0|0|0|0|0|0
0|0|0|0|0|0|0
$Board:
#Board:
1.1.0.0.1
#AgentA:
0,0,0,0
#AgentB:
0,0,0,0
#Highlight:
0,0,0,0
#Content:
0|0|0|0|0|0|0
0|0|0|0|0|0|0
0|0|0|0|0|0|0
0|0|0|0|0|0|0
0|0|0|0|0|0|0
0|0|0|0|0|0|0
0|0|0|0|0|0|0
$Board:
#Board:
1.1.0.0.0
#AgentA:
0,0,0,0
#AgentB:
0,0,0,0
#Highlight:
0,0,0,0
#Content:
0|0|0|0|0|0|0
0|0|0|0|0|0|0
0|0|0|0|0|0|0
0|0|0|0|0|0|0
0|0|0|0|0|0|0
0|0|0|0|0|0|0
0|0|0|0|0|0|0
$Board:
#Board:
1.0.1.1.1
#AgentA:
0,0,0,0
#AgentB:
0,0,0,0
#Highlight:
0,0,0,0
#Content:
0|0|0|0|0|0|0
0|0|0|0|0|0|0
0|0|0|0|0|0|0
0|0|0|0|0|0|0
0|0|0|0|0|0|0
0|0|0|0|0|0|0
0|0|0|0|0|0|0
$Board:
#Board:
1.0.1.1.0
#AgentA:
0,0,0,0
#AgentB:
0,0,0,0
#Highlight:
0,0,0,0
#Content:
0|0|0|0|0|0|0
0|0|0|0|0|0|0
0|0|0|0|0|0|0
0|0|0|0|0|0|0
0|0|0|0|0|0|0
0|0|0|0|0|0|0
0|0|0|0|0|0|0
$Board:
#Board:
1.0.1.0.1
#AgentA:
0,0,0,0
#AgentB:
0,0,0,0
#Highlight:
0,0,0,0
#Content:
0|0|0|0|0|0|0
0|0|0|0|0|0|0
0|0|0|0|0|0|0
0|0|0|0|0|0|0
0|0|0|0|0|0|0
0|0|0|0|0|0|0
0|0|0|0|0|0|0
$Board:
#Board:
1.0.1.0.0
#AgentA:
0,0,0,0
#AgentB:
0,0,0,0
#Highlight:
0,0,0,0
#Content:
0|0|0|0|0|0|0
0|0|0|0|0|0|0
0|0|0|0|0|0|0
0|0|0|0|0|0|0
0|0|0|0|0|0|0
0|0|0|0|0|0|0
0|0|0|0|0|0|0
$Board:
#Board:
1.0.0.1.1
#AgentA:
0,0,0,0
#AgentB:
0,0,0,0
#Highlight:
0,0,0,0
#Content:
0|0|0|0|0|0|0
0|0|0|0|0|0|0
0|0|0|0|0|0|0
0|0|0|0|0|0|0
0|0|0|0|0|0|0
0|0|0|0|0|0|0
0|0|0|0|0|0|0
$Board:
#Board:
1.0.0.1.0
#AgentA:
0,0,0,0
#AgentB:
0,0,0,0
#Highlight:
0,0,0,0
#Content:
0|0|0|0|0|0|0
0|0|0|0|0|0|0
0|0|0|0|0|0|0
0|0|0|0|0|0|0
0|0|0|0|0|0|0
0|0|0|0|0|0|0
0|0|0|0|0|0|0
$Board:
#Board:
1.0.0.0.1
#AgentA:
0,0,0,0
#AgentB:
0,0,0,0
#Highlight:
0,0,0,0
#Content:
0|0|0|0|0|0|0
0|0|0|0|0|0|0
0|0|0|0|0|0|0
0|0|0|0|0|0|0
0|0|0|0|0|0|0
0|0|0|0|0|0|0
0|0|0|0|0|0|0
$Board:
#Board:
1.0.0.0.0
#AgentA:
0,0,0,0
#AgentB:
0,0,0,0
#Highlight:
0,0,0,0
#Content:
0|0|0|0|0|0|0
0|0|0|0|0|0|0
0|0|0|0|0|0|0
0|0|0|0|0|0|0
0|0|0|0|0|0|0
0|0|0|0|0|0|0
0|0|0|0|0|0|0
$Board:
~~
$Tree: