#Tree:
7,7,4
#Board:
1
#AgentA:
5,2,5,1
#AgentB:
1,1,1,2
#Highlight:
-1,-1,1,-1
#Score:
0
#Notification:
0
#Content:
3|2|5|4|1|2|1
1|5|1|3|5|3|2
2|4|5|2|1|2|1
3|1|2|3|3|4|3
1|5|3|4|4|5|2
4|4|5|1|2|5|4
3|5|1|4|3|2|1
$Board:
~~
#Board:
1.1
#AgentA:
-1,-1,-1,-1
#AgentB:
-1,-1,-1,-1
#Highlight:
4,1,6,1
#Score:
0
#Notification:
0
#Content:
3|2|5|4|1|2|1
1|5|1|3|5|3|2
2|4|5|2|1|2|1
3|1|2|3|3|4|3
1|5|3|4|4|5|2
4|5|4|1|2|5|4
3|5|1|4|3|2|1
$Board:
#Board:
1.1~1
#AgentA:
-1,-1,-1,-1
#AgentB:
-1,-1,-1,-1
#Highlight:
-1,-1,-1,-1
#Score:
3
#Notification:
0
#Content:
3|2|5|4|1|2|1
1|5|1|3|5|3|2
2|4|5|2|1|2|1
3|1|2|3|3|4|3
1|0|3|4|4|5|2
4|0|4|1|2|5|4
3|0|1|4|3|2|1
$Board:
#Board:
1.1~2
#AgentA:
-1,-1,-1,-1
#AgentB:
-1,-1,-1,-1
#Highlight:
5,0,5,2
#Score:
3
#Notification:
0
#Content:
3|2|5|4|1|2|1
1|5|1|3|5|3|2
2|1|5|2|1|2|1
3|2|2|3|3|4|3
1|5|3|4|4|5|2
4|4|4|1|2|5|4
3|1|1|4|3|2|1
$Board:
#Board:
1.1~3
#AgentA:
-1,-1,-1,-1
#AgentB:
-1,-1,-1,-1
#Highlight:
-1,-1,-1,-1
#Score:
6
#Notification:
0
#Content:
3|2|5|4|1|2|1
1|5|1|3|5|3|2
2|1|5|2|1|2|1
3|2|2|3|3|4|3
1|5|3|4|4|5|2
0|0|0|1|2|5|4
3|1|1|4|3|2|1
$Board:
#Board:
1.1~4
#AgentA:
3,0,4,0
#AgentB:
1,6,1,5
#Highlight:
-1,-1,-1,-1
#Score:
6
#Notification:
0
#Content:
1|3|2|4|1|2|1
3|2|5|3|5|3|2
1|5|1|2|1|2|1
2|1|5|3|3|4|3
3|2|2|4|4|5|2
1|5|3|1|2|5|4
3|1|1|4|3|2|1
$Board:
#Board:
1.0
#AgentA:
-1,-1,-1,-1
#AgentB:
-1,-1,-1,-1
#Highlight:
0,2,2,2
#Score:
0
#Notification:
-1
#Content:
3|2|5|4|1|2|1
1|1|5|3|5|3|2
2|4|5|2|1|2|1
3|1|2|3|3|4|3
1|5|3|4|4|5|2
4|4|5|1|2|5|4
3|5|1|4|3|2|1
$Board:
#Board:
1.0~1
#AgentA:
-1,-1,-1,-1
#AgentB:
-1,-1,-1,-1
#Highlight:
-1,-1,-1,-1
#Score:
3
#Notification:
0
#Content:
3|2|0|4|1|2|1
1|1|0|3|5|3|2
2|4|0|2|1|2|1
3|1|2|3|3|4|3
1|5|3|4|4|5|2
4|4|5|1|2|5|4
3|5|1|4|3|2|1
$Board:
#Board:
1.0~2
#AgentA:
2,2,2,1
#AgentB:
1,5,1,6
#Highlight:
-1,-1,-1,-1
#Score:
3
#Notification:
0
#Content:
3|2|5|4|1|2|1
1|1|3|3|5|3|2
2|4|1|2|1|2|1
3|1|2|3|3|4|3
1|5|3|4|4|5|2
4|4|5|1|2|5|4
3|5|1|4|3|2|1
$Board:
~~
#Board:
1.1.1
#AgentA:
-1,-1,-1,-1
#AgentB:
-1,-1,-1,-1
#Highlight:
4,0,4,2
#Score:
6
#Notification:
1
#Content:
1|3|2|4|1|2|1
3|2|5|3|5|3|2
1|5|1|2|1|2|1
3|1|5|3|3|4|3
2|2|2|4|4|5|2
1|5|3|1|2|5|4
3|1|1|4|3|2|1
$Board:
#Board:
1.1.1~1
#AgentA:
-1,-1,-1,-1
#AgentB:
-1,-1,-1,-1
#Highlight:
-1,-1,-1,-1
#Score:
9
#Notification:
0
#Content:
1|3|2|4|1|2|1
3|2|5|3|5|3|2
1|5|1|2|1|2|1
3|1|5|3|3|4|3
0|0|0|4|4|5|2
1|5|3|1|2|5|4
3|1|1|4|3|2|1
$Board:
#Board:
1.1.1~2
#AgentA:
5,0,5,1
#AgentB:
1,6,1,5
#Highlight:
-1,-1,-1,-1
#Score:
9
#Notification:
0
#Content:
1|4|5|4|1|2|1
1|3|2|3|5|3|2
3|2|5|2|1|2|1
1|5|1|3|3|4|3
3|1|5|4|4|5|2
1|5|3|1|2|5|4
3|1|1|4|3|2|1
$Board:
#Board:
1.1.0
#AgentA:
-1,-1,-1,-1
#AgentB:
-1,-1,-1,-1
#Highlight:
0,5,2,5
#Score:
6
#Notification:
0
#Content:
1|3|2|4|1|2|1
3|2|5|3|5|2|3
1|5|1|2|1|2|1
2|1|5|3|3|4|3
3|2|2|4|4|5|2
1|5|3|1|2|5|4
3|1|1|4|3|2|1
$Board:
#Board:
1.1.0~1
#AgentA:
-1,-1,-1,-1
#AgentB:
-1,-1,-1,-1
#Highlight:
-1,-1,-1,-1
#Score:
9
#Notification:
0
#Content:
1|3|2|4|1|0|1
3|2|5|3|5|0|3
1|5|1|2|1|0|1
2|1|5|3|3|4|3
3|2|2|4|4|5|2
1|5|3|1|2|5|4
3|1|1|4|3|2|1
$Board:
#Board:
1.1.0~2
#AgentA:
-1,-1,-1,-1
#AgentB:
-1,-1,-1,-1
#Highlight:
2,4,2,6
#Score:
9
#Notification:
0
#Content:
1|3|2|4|1|5|1
3|2|5|3|5|2|3
1|5|1|2|1|1|1
2|1|5|3|3|4|3
3|2|2|4|4|5|2
1|5|3|1|2|5|4
3|1|1|4|3|2|1
$Board:
#Board:
1.1.0~3
#AgentA:
-1,-1,-1,-1
#AgentB:
-1,-1,-1,-1
#Highlight:
-1,-1,-1,-1
#Score:
12
#Notification:
0
#Content:
1|3|2|4|1|5|1
3|2|5|3|5|2|3
1|5|1|2|0|0|0
2|1|5|3|3|4|3
3|2|2|4|4|5|2
1|5|3|1|2|5|4
3|1|1|4|3|2|1
$Board:
#Board:
1.1.0~4
#AgentA:
5,0,6,0
#AgentB:
3,5,4,5
#Highlight:
-1,-1,-1,-1
#Score:
12
#Notification:
0
#Content:
1|3|2|4|3|5|2
3|2|5|3|1|5|1
1|5|1|2|5|2|3
2|1|5|3|3|4|3
3|2|2|4|4|5|2
1|5|3|1|2|5|4
3|1|1|4|3|2|1
$Board:
#Board:
1.0.1
#AgentA:
-1,-1,-1,-1
#AgentB:
-1,-1,-1,-1
#Highlight:
1,1,3,1
#Score:
3
#Notification:
1
#Content:
3|2|5|4|1|2|1
1|1|3|3|5|3|2
2|1|4|2|1|2|1
3|1|2|3|3|4|3
1|5|3|4|4|5|2
4|4|5|1|2|5|4
3|5|1|4|3|2|1
$Board:
#Board:
1.0.1~1
#AgentA:
-1,-1,-1,-1
#AgentB:
-1,-1,-1,-1
#Highlight:
-1,-1,-1,-1
#Score:
6
#Notification:
0
#Content:
3|2|5|4|1|2|1
1|0|3|3|5|3|2
2|0|4|2|1|2|1
3|0|2|3|3|4|3
1|5|3|4|4|5|2
4|4|5|1|2|5|4
3|5|1|4|3|2|1
$Board:
#Board:
1.0.1~2
#AgentA:
2,1,1,1
#AgentB:
5,2,5,1
#Highlight:
-1,-1,-1,-1
#Score:
6
#Notification:
0
#Content:
3|4|5|4|1|2|1
1|1|3|3|5|3|2
2|3|4|2|1|2|1
3|2|2|3|3|4|3
1|5|3|4|4|5|2
4|4|5|1|2|5|4
3|5|1|4|3|2|1
$Board:
#Board:
1.0.0
#AgentA:
-1,-1,-1,-1
#AgentB:
-1,-1,-1,-1
#Highlight:
0,5,2,5
#Score:
3
#Notification:
0
#Content:
3|2|5|4|1|2|1
1|1|3|3|5|2|3
2|4|1|2|1|2|1
3|1|2|3|3|4|3
1|5|3|4|4|5|2
4|4|5|1|2|5|4
3|5|1|4|3|2|1
$Board:
#Board:
1.0.0~1
#AgentA:
-1,-1,-1,-1
#AgentB:
-1,-1,-1,-1
#Highlight:
-1,-1,-1,-1
#Score:
6
#Notification:
0
#Content:
3|2|5|4|1|0|1
1|1|3|3|5|0|3
2|4|1|2|1|0|1
3|1|2|3|3|4|3
1|5|3|4|4|5|2
4|4|5|1|2|5|4
3|5|1|4|3|2|1
$Board:
#Board:
1.0.0~2
#AgentA:
-1,-1,-1,-1
#AgentB:
-1,-1,-1,-1
#Highlight:
2,4,2,6
#Score:
6
#Notification:
0
#Content:
3|2|5|4|1|5|2
1|1|3|3|5|2|3
2|4|1|2|1|1|1
3|1|2|3|3|4|3
1|5|3|4|4|5|2
4|4|5|1|2|5|4
3|5|1|4|3|2|1
$Board:
#Board:
1.0.0~3
#AgentA:
-1,-1,-1,-1
#AgentB:
-1,-1,-1,-1
#Highlight:
-1,-1,-1,-1
#Score:
9
#Notification:
0
#Content:
3|2|5|4|1|5|2
1|1|3|3|5|2|3
2|4|1|2|0|0|0
3|1|2|3|3|4|3
1|5|3|4|4|5|2
4|4|5|1|2|5|4
3|5|1|4|3|2|1
$Board:
#Board:
1.0.0~4
#AgentA:
4,2,3,2
#AgentB:
3,5,4,5
#Highlight:
-1,-1,-1,-1
#Score:
9
#Notification:
0
#Content:
3|2|5|4|3|5|1
1|1|3|3|1|5|2
2|4|1|2|5|2|3
3|1|2|3|3|4|3
1|5|3|4|4|5|2
4|4|5|1|2|5|4
3|5|1|4|3|2|1
$Board:
~~
#Board:
1.1.1.1
#AgentA:
-1,-1,-1,-1
#AgentB:
-1,-1,-1,-1
#Highlight:
4,1,6,1
#Score:
9
#Notification:
1
#Content:
1|4|5|4|1|2|1
1|3|2|3|5|3|2
3|2|5|2|1|2|1
1|5|1|3|3|4|3
3|1|5|4|4|5|2
5|1|3|1|2|5|4
3|1|1|4|3|2|1
$Board:
#Board:
1.1.1.1~1
#AgentA:
-1,-1,-1,-1
#AgentB:
-1,-1,-1,-1
#Highlight:
-1,-1,-1,-1
#Score:
12
#Notification:
0
#Content:
1|4|5|4|1|2|1
1|3|2|3|5|3|2
3|2|5|2|1|2|1
1|5|1|3|3|4|3
3|0|5|4|4|5|2
5|0|3|1|2|5|4
3|0|1|4|3|2|1
$Board:
#Board:
1.1.1.1~2
#AgentA:
-1,-1,-1,-1
#AgentB:
-1,-1,-1,-1
#Highlight:
-1,-1,-1,-1
#Score:
12
#Notification:
0
#Content:
1|4|5|4|1|2|1
1|4|2|3|5|3|2
3|1|5|2|1|2|1
1|4|1|3|3|4|3
3|3|5|4|4|5|2
5|2|3|1|2|5|4
3|5|1|4|3|2|1
$Board:
#Board:
1.1.1.0
#AgentA:
-1,-1,-1,-1
#AgentB:
-1,-1,-1,-1
#Highlight:
0,5,2,5
#Score:
9
#Notification:
0
#Content:
1|4|5|4|1|2|1
1|3|2|3|5|2|3
3|2|5|2|1|2|1
1|5|1|3|3|4|3
3|1|5|4|4|5|2
1|5|3|1|2|5|4
3|1|1|4|3|2|1
$Board:
#Board:
1.1.1.0~1
#AgentA:
-1,-1,-1,-1
#AgentB:
-1,-1,-1,-1
#Highlight:
-1,-1,-1,-1
#Score:
12
#Notification:
0
#Content:
1|4|5|4|1|0|1
1|3|2|3|5|0|3
3|2|5|2|1|0|1
1|5|1|3|3|4|3
3|1|5|4|4|5|2
1|5|3|1|2|5|4
3|1|1|4|3|2|1
$Board:
#Board:
1.1.1.0~2
#AgentA:
-1,-1,-1,-1
#AgentB:
-1,-1,-1,-1
#Highlight:
2,4,2,6
#Score:
12
#Notification:
0
#Content:
1|4|5|4|1|5|1
1|3|2|3|5|2|3
3|2|5|2|1|1|1
1|5|1|3|3|4|3
3|1|5|4|4|5|2
1|5|3|1|2|5|4
3|1|1|4|3|2|1
$Board:
#Board:
1.1.1.0~3
#AgentA:
-1,-1,-1,-1
#AgentB:
-1,-1,-1,-1
#Highlight:
-1,-1,-1,-1
#Score:
15
#Notification:
0
#Content:
1|4|5|4|1|5|1
1|3|2|3|5|2|3
3|2|5|2|0|0|0
1|5|1|3|3|4|3
3|1|5|4|4|5|2
1|5|3|1|2|5|4
3|1|1|4|3|2|1
$Board:
#Board:
1.1.1.0~4
#AgentA:
-1,-1,-1,-1
#AgentB:
-1,-1,-1,-1
#Highlight:
-1,-1,-1,-1
#Score:
15
#Notification:
0
#Content:
1|4|5|4|2|4|4
1|3|2|3|1|5|1
3|2|5|2|5|2|3
1|5|1|3|3|4|3
3|1|5|4|4|5|2
1|5|3|1|2|5|4
3|1|1|4|3|2|1
$Board:
#Board:
1.1.0.1
#AgentA:
-1,-1,-1,-1
#AgentB:
-1,-1,-1,-1
#Highlight:
6,0,6,2
#Score:
12
#Notification:
1
#Content:
1|3|2|4|3|5|2
3|2|5|3|1|5|1
1|5|1|2|5|2|3
2|1|5|3|3|4|3
3|2|2|4|4|5|2
3|5|3|1|2|5|4
1|1|1|4|3|2|1
$Board:
#Board:
1.1.0.1~1
#AgentA:
-1,-1,-1,-1
#AgentB:
-1,-1,-1,-1
#Highlight:
-1,-1,-1,-1
#Score:
15
#Notification:
0
#Content:
1|3|2|4|3|5|2
3|2|5|3|1|5|1
1|5|1|2|5|2|3
2|1|5|3|3|4|3
3|2|2|4|4|5|2
3|5|3|1|2|5|4
0|0|0|4|3|2|1
$Board:
#Board:
1.1.0.1~2
#AgentA:
-1,-1,-1,-1
#AgentB:
-1,-1,-1,-1
#Highlight:
-1,-1,-1,-1
#Score:
15
#Notification:
0
#Content:
4|1|5|4|3|5|2
1|3|2|3|1|5|1
3|2|5|2|5|2|3
1|5|1|3|3|4|3
2|1|5|4|4|5|2
3|2|2|1|2|5|4
3|5|3|4|3|2|1
$Board:
#Board:
1.1.0.0
#AgentA:
-1,-1,-1,-1
#AgentB:
-1,-1,-1,-1
#Highlight:
4,5,4,3
#Score:
12
#Notification:
0
#Content:
1|3|2|4|3|5|2
3|2|5|3|1|5|1
1|5|1|2|5|2|3
2|1|5|3|3|5|3
3|2|2|4|4|4|2
1|5|3|1|2|5|4
3|1|1|4|3|2|1
$Board:
#Board:
1.1.0.0~1
#AgentA:
-1,-1,-1,-1
#AgentB:
-1,-1,-1,-1
#Highlight:
-1,-1,-1,-1
#Score:
15
#Notification:
0
#Content:
1|3|2|4|3|5|2
3|2|5|3|1|5|1
1|5|1|2|5|2|3
2|1|5|3|3|5|3
3|2|2|0|0|0|2
1|5|3|1|2|5|4
3|1|1|4|3|2|1
$Board:
#Board:
1.1.0.0~2
#AgentA:
-1,-1,-1,-1
#AgentB:
-1,-1,-1,-1
#Highlight:
0,5,2,5
#Score:
15
#Notification:
0
#Content:
1|3|2|3|1|5|2
3|2|5|4|3|5|1
1|5|1|3|1|5|3
2|1|5|2|5|2|3
3|2|2|3|3|5|2
1|5|3|1|2|5|4
3|1|1|4|3|2|1
$Board:
#Board:
1.1.0.0~3
#AgentA:
-1,-1,-1,-1
#AgentB:
-1,-1,-1,-1
#Highlight:
-1,-1,-1,-1
#Score:
18
#Notification:
0
#Content:
1|3|2|3|1|0|2
3|2|5|4|3|0|1
1|5|1|3|1|0|3
2|1|5|2|5|2|3
3|2|2|3|3|5|2
1|5|3|1|2|5|4
3|1|1|4|3|2|1
$Board:
#Board:
1.1.0.0~4
#AgentA:
-1,-1,-1,-1
#AgentB:
-1,-1,-1,-1
#Highlight:
-1,-1,-1,-1
#Score:
18
#Notification:
0
#Content:
1|3|2|3|1|4|2
3|2|5|4|3|2|1
1|5|1|3|1|1|3
2|1|5|2|5|2|3
3|2|2|3|3|5|2
1|5|3|1|2|5|4
3|1|1|4|3|2|1
$Board:
#Board:
1.0.1.1
#AgentA:
-1,-1,-1,-1
#AgentB:
-1,-1,-1,-1
#Highlight:
1,1,1,3
#Score:
6
#Notification:
1
#Content:
3|4|5|4|1|2|1
1|3|3|3|5|3|2
2|1|4|2|1|2|1
3|2|2|3|3|4|3
1|5|3|4|4|5|2
4|4|5|1|2|5|4
3|5|1|4|3|2|1
$Board:
#Board:
1.0.1.1~1
#AgentA:
-1,-1,-1,-1
#AgentB:
-1,-1,-1,-1
#Highlight:
-1,-1,-1,-1
#Score:
9
#Notification:
0
#Content:
3|4|5|4|1|2|1
1|0|0|0|5|3|2
2|1|4|2|1|2|1
3|2|2|3|3|4|3
1|5|3|4|4|5|2
4|4|5|1|2|5|4
3|5|1|4|3|2|1
$Board:
#Board:
1.0.1.1~2
#AgentA:
-1,-1,-1,-1
#AgentB:
-1,-1,-1,-1
#Highlight:
-1,-1,-1,-1
#Score:
9
#Notification:
0
#Content:
3|5|2|3|1|2|1
1|4|5|4|5|3|2
2|1|4|2|1|2|1
3|2|2|3|3|4|3
1|5|3|4|4|5|2
4|4|5|1|2|5|4
3|5|1|4|3|2|1
$Board:
#Board:
1.0.1.0
#AgentA:
-1,-1,-1,-1
#AgentB:
-1,-1,-1,-1
#Highlight:
4,1,6,1
#Score:
6
#Notification:
0
#Content:
3|4|5|4|1|2|1
1|1|3|3|5|3|2
2|3|4|2|1|2|1
3|2|2|3|3|4|3
1|5|3|4|4|5|2
4|5|4|1|2|5|4
3|5|1|4|3|2|1
$Board:
#Board:
1.0.1.0~1
#AgentA:
-1,-1,-1,-1
#AgentB:
-1,-1,-1,-1
#Highlight:
-1,-1,-1,-1
#Score:
9
#Notification:
0
#Content:
3|4|5|4|1|2|1
1|1|3|3|5|3|2
2|3|4|2|1|2|1
3|2|2|3|3|4|3
1|0|3|4|4|5|2
4|0|4|1|2|5|4
3|0|1|4|3|2|1
$Board:
#Board:
1.0.1.0~2
#AgentA:
-1,-1,-1,-1
#AgentB:
-1,-1,-1,-1
#Highlight:
1,1,1,3
#Score:
9
#Notification:
0
#Content:
3|2|5|4|1|2|1
1|3|3|3|5|3|2
2|1|4|2|1|2|1
3|4|2|3|3|4|3
1|1|3|4|4|5|2
4|3|4|1|2|5|4
3|2|1|4|3|2|1
$Board:
#Board:
1.0.1.0~3
#AgentA:
-1,-1,-1,-1
#AgentB:
-1,-1,-1,-1
#Highlight:
-1,-1,-1,-1
#Score:
12
#Notification:
0
#Content:
3|2|5|4|1|2|1
1|0|0|0|5|3|2
2|1|4|2|1|2|1
3|4|2|3|3|4|3
1|1|3|4|4|5|2
4|3|4|1|2|5|4
3|2|1|4|3|2|1
$Board:
#Board:
1.0.1.0~4
#AgentA:
-1,-1,-1,-1
#AgentB:
-1,-1,-1,-1
#Highlight:
-1,-1,-1,-1
#Score:
12
#Notification:
0
#Content:
3|3|1|2|1|2|1
1|2|5|4|5|3|2
2|1|4|2|1|2|1
3|4|2|3|3|4|3
1|1|3|4|4|5|2
4|3|4|1|2|5|4
3|2|1|4|3|2|1
$Board:
#Board:
1.0.0.1
#AgentA:
-1,-1,-1,-1
#AgentB:
-1,-1,-1,-1
#Highlight:
3,2,3,4
#Score:
9
#Notification:
1
#Content:
3|2|5|4|3|5|1
1|1|3|3|1|5|2
2|4|1|2|5|2|3
3|1|3|3|3|4|3
1|5|2|4|4|5|2
4|4|5|1|2|5|4
3|5|1|4|3|2|1
$Board:
#Board:
1.0.0.1~1
#AgentA:
-1,-1,-1,-1
#AgentB:
-1,-1,-1,-1
#Highlight:
-1,-1,-1,-1
#Score:
12
#Notification:
0
#Content:
3|2|5|4|3|5|1
1|1|3|3|1|5|2
2|4|1|2|5|2|3
3|1|0|0|0|4|3
1|5|2|4|4|5|2
4|4|5|1|2|5|4
3|5|1|4|3|2|1
$Board:
#Board:
1.0.0.1~2
#AgentA:
-1,-1,-1,-1
#AgentB:
-1,-1,-1,-1
#Highlight:
-1,-1,-1,-1
#Score:
12
#Notification:
0
#Content:
3|2|1|2|4|5|1
1|1|5|4|3|5|2
2|4|3|3|1|2|3
3|1|1|2|5|4|3
1|5|2|4|4|5|2
4|4|5|1|2|5|4
3|5|1|4|3|2|1
$Board:
#Board:
1.0.0.0
#AgentA:
-1,-1,-1,-1
#AgentB:
-1,-1,-1,-1
#Highlight:
4,5,4,3
#Score:
9
#Notification:
0
#Content:
3|2|5|4|3|5|1
1|1|3|3|1|5|2
2|4|1|2|5|2|3
3|1|2|3|3|5|3
1|5|3|4|4|4|2
4|4|5|1|2|5|4
3|5|1|4|3|2|1
$Board:
#Board:
1.0.0.0~1
#AgentA:
-1,-1,-1,-1
#AgentB:
-1,-1,-1,-1
#Highlight:
-1,-1,-1,-1
#Score:
12
#Notification:
0
#Content:
3|2|5|4|3|5|1
1|1|3|3|1|5|2
2|4|1|2|5|2|3
3|1|2|3|3|5|3
1|5|3|0|0|0|2
4|4|5|1|2|5|4
3|5|1|4|3|2|1
$Board:
#Board:
1.0.0.0~2
#AgentA:
-1,-1,-1,-1
#AgentB:
-1,-1,-1,-1
#Highlight:
4,2,4,4
#Score:
12
#Notification:
0
#Content:
3|2|5|1|2|2|1
1|1|3|4|3|5|2
2|4|1|3|1|5|3
3|1|2|2|5|2|3
1|5|3|3|3|5|2
4|4|5|1|2|5|4
3|5|1|4|3|2|1
$Board:
#Board:
1.0.0.0~3
#AgentA:
-1,-1,-1,-1
#AgentB:
-1,-1,-1,-1
#Highlight:
-1,-1,-1,-1
#Score:
15
#Notification:
0
#Content:
3|2|5|1|2|2|1
1|1|3|4|3|5|2
2|4|1|3|1|5|3
3|1|2|2|5|2|3
1|5|0|0|0|5|2
4|4|5|1|2|5|4
3|5|1|4|3|2|1
$Board:
#Board:
1.0.0.0~4
#AgentA:
-1,-1,-1,-1
#AgentB:
-1,-1,-1,-1
#Highlight:
-1,-1,-1,-1
#Score:
15
#Notification:
0
#Content:
3|2|3|4|4|2|1
1|1|5|1|2|5|2
2|4|3|4|3|5|3
3|1|1|3|1|2|3
1|5|2|2|5|5|2
4|4|5|1|2|5|4
3|5|1|4|3|2|1
$Board:
~~
$Tree: