#Tree:
7,7,4
#Board:
1
#AgentA:
1,3,2,3
#AgentB:
0,1,0,0
#Highlight:
-1,-1,-1,-1
#Score:
0
#Notification:
0
#Content:
3|2|4|1|2|1|2
2|5|1|5|3|1|3
2|1|4|3|5|5|4
3|4|1|4|4|2|3
2|5|2|2|1|5|3
4|2|5|3|4|4|5
1|3|4|2|1|5|3
$Board:
~~
#Board:
1.1
#AgentA:
-1,-1,-1,-1
#AgentB:
-1,-1,-1,-1
#Highlight:
2,3,2,5
#Score:
0
#Notification:
0
#Content:
3|2|4|1|2|1|2
2|5|1|3|3|1|3
2|1|4|5|5|5|4
3|4|1|4|4|2|3
2|5|2|2|1|5|3
4|2|5|3|4|4|5
1|3|4|2|1|5|3
$Board:
#Board:
1.1~1
#AgentA:
-1,-1,-1,-1
#AgentB:
-1,-1,-1,-1
#Highlight:
-1,-1,-1,-1
#Score:
3
#Notification:
0
#Content:
3|2|4|1|2|1|2
2|5|1|3|3|1|3
2|1|4|0|0|0|4
3|4|1|4|4|2|3
2|5|2|2|1|5|3
4|2|5|3|4|4|5
1|3|4|2|1|5|3
$Board:
#Board:
1.1~2
#AgentA:
2,1,2,2
#AgentB:
5,1,4,1
#Highlight:
-1,-1,-1,-1
#Score:
3
#Notification:
0
#Content:
3|2|4|4|3|4|2
2|5|1|1|2|1|3
2|1|4|3|3|1|4
3|4|1|4|4|2|3
2|5|2|2|1|5|3
4|2|5|3|4|4|5
1|3|4|2|1|5|3
$Board:
#Board:
1.0
#AgentA:
-1,-1,-1,-1
#AgentB:
-1,-1,-1,-1
#Highlight:
0,0,2,0
#Score:
0
#Notification:
0
#Content:
2|3|4|1|2|1|2
2|5|1|5|3|1|3
2|1|4|3|5|5|4
3|4|1|4|4|2|3
2|5|2|2|1|5|3
4|2|5|3|4|4|5
1|3|4|2|1|5|3
$Board:
#Board:
1.0~1
#AgentA:
-1,-1,-1,-1
#AgentB:
-1,-1,-1,-1
#Highlight:
-1,-1,-1,-1
#Score:
3
#Notification:
0
#Content:
0|3|4|1|2|1|2
0|5|1|5|3|1|3
0|1|4|3|5|5|4
3|4|1|4|4|2|3
2|5|2|2|1|5|3
4|2|5|3|4|4|5
1|3|4|2|1|5|3
$Board:
#Board:
1.0~2
#AgentA:
2,1,2,2
#AgentB:
1,3,2,3
#Highlight:
-1,-1,-1,-1
#Score:
3
#Notification:
0
#Content:
4|3|4|1|2|1|2
3|5|1|5|3|1|3
2|1|4|3|5|5|4
3|4|1|4|4|2|3
2|5|2|2|1|5|3
4|2|5|3|4|4|5
1|3|4|2|1|5|3
$Board:
~~
#Board:
1.1.1
#AgentA:
-1,-1,-1,-1
#AgentB:
-1,-1,-1,-1
#Highlight:
1,2,3,2
#Score:
3
#Notification:
0
#Content:
3|2|4|4|3|4|2
2|5|1|1|2|1|3
2|4|1|3|3|1|4
3|4|1|4|4|2|3
2|5|2|2|1|5|3
4|2|5|3|4|4|5
1|3|4|2|1|5|3
$Board:
#Board:
1.1.1~1
#AgentA:
-1,-1,-1,-1
#AgentB:
-1,-1,-1,-1
#Highlight:
-1,-1,-1,-1
#Score:
6
#Notification:
0
#Content:
3|2|4|4|3|4|2
2|5|0|1|2|1|3
2|4|0|3|3|1|4
3|4|0|4|4|2|3
2|5|2|2|1|5|3
4|2|5|3|4|4|5
1|3|4|2|1|5|3
$Board:
#Board:
1.1.1~2
#AgentA:
-1,-1,-1,-1
#AgentB:
-1,-1,-1,-1
#Highlight:
3,1,3,4
#Score:
6
#Notification:
0
#Content:
3|2|3|4|3|4|2
2|5|1|1|2|1|3
2|4|5|3|3|1|4
3|4|4|4|4|2|3
2|5|2|2|1|5|3
4|2|5|3|4|4|5
1|3|4|2|1|5|3
$Board:
#Board:
1.1.1~3
#AgentA:
-1,-1,-1,-1
#AgentB:
-1,-1,-1,-1
#Highlight:
-1,-1,-1,-1
#Score:
10
#Notification:
0
#Content:
3|2|3|4|3|4|2
2|5|1|1|2|1|3
2|4|5|3|3|1|4
3|0|0|0|0|2|3
2|5|2|2|1|5|3
4|2|5|3|4|4|5
1|3|4|2|1|5|3
$Board:
#Board:
1.1.1~4
#AgentA:
5,1,4,1
#AgentB:
5,6,5,5
#Highlight:
-1,-1,-1,-1
#Score:
10
#Notification:
0
#Content:
3|4|1|3|2|4|2
2|2|3|4|3|1|3
2|5|1|1|2|1|4
3|4|5|3|3|2|3
2|5|2|2|1|5|3
4|2|5|3|4|4|5
1|3|4|2|1|5|3
$Board:
#Board:
1.1.0
#AgentA:
-1,-1,-1,-1
#AgentB:
-1,-1,-1,-1
#Highlight:
4,0,4,3
#Score:
3
#Notification:
-1
#Content:
3|2|4|4|3|4|2
2|5|1|1|2|1|3
2|1|4|3|3|1|4
3|4|1|4|4|2|3
2|2|2|2|1|5|3
4|5|5|3|4|4|5
1|3|4|2|1|5|3
$Board:
#Board:
1.1.0~1
#AgentA:
-1,-1,-1,-1
#AgentB:
-1,-1,-1,-1
#Highlight:
-1,-1,-1,-1
#Score:
7
#Notification:
0
#Content:
3|2|4|4|3|4|2
2|5|1|1|2|1|3
2|1|4|3|3|1|4
3|4|1|4|4|2|3
0|0|0|0|1|5|3
4|5|5|3|4|4|5
1|3|4|2|1|5|3
$Board:
#Board:
1.1.0~2
#AgentA:
1,1,1,0
#AgentB:
4,3,4,4
#Highlight:
-1,-1,-1,-1
#Score:
7
#Notification:
0
#Content:
2|3|5|1|3|4|2
3|2|4|4|2|1|3
2|5|1|1|3|1|4
2|1|4|3|4|2|3
3|4|1|4|1|5|3
4|5|5|3|4|4|5
1|3|4|2|1|5|3
$Board:
#Board:
1.0.1
#AgentA:
-1,-1,-1,-1
#AgentB:
-1,-1,-1,-1
#Highlight:
1,2,3,2
#Score:
3
#Notification:
0
#Content:
4|3|4|1|2|1|2
3|5|1|5|3|1|3
2|4|1|3|5|5|4
3|4|1|4|4|2|3
2|5|2|2|1|5|3
4|2|5|3|4|4|5
1|3|4|2|1|5|3
$Board:
#Board:
1.0.1~1
#AgentA:
-1,-1,-1,-1
#AgentB:
-1,-1,-1,-1
#Highlight:
-1,-1,-1,-1
#Score:
6
#Notification:
0
#Content:
4|3|4|1|2|1|2
3|5|0|5|3|1|3
2|4|0|3|5|5|4
3|4|0|4|4|2|3
2|5|2|2|1|5|3
4|2|5|3|4|4|5
1|3|4|2|1|5|3
$Board:
#Board:
1.0.1~2
#AgentA:
-1,-1,-1,-1
#AgentB:
-1,-1,-1,-1
#Highlight:
3,1,3,4
#Score:
6
#Notification:
0
#Content:
4|3|5|1|2|1|2
3|5|4|5|3|1|3
2|4|1|3|5|5|4
3|4|4|4|4|2|3
2|5|2|2|1|5|3
4|2|5|3|4|4|5
1|3|4|2|1|5|3
$Board:
#Board:
1.0.1~3
#AgentA:
-1,-1,-1,-1
#AgentB:
-1,-1,-1,-1
#Highlight:
-1,-1,-1,-1
#Score:
10
#Notification:
0
#Content:
4|3|5|1|2|1|2
3|5|4|5|3|1|3
2|4|1|3|5|5|4
3|0|0|0|0|2|3
2|5|2|2|1|5|3
4|2|5|3|4|4|5
1|3|4|2|1|5|3
$Board:
#Board:
1.0.1~4
#AgentA:
5,1,4,1
#AgentB:
3,4,2,4
#Highlight:
-1,-1,-1,-1
#Score:
10
#Notification:
0
#Content:
4|2|4|3|1|1|2
3|3|5|1|2|1|3
2|5|4|5|3|5|4
3|4|1|3|5|2|3
2|5|2|2|1|5|3
4|2|5|3|4|4|5
1|3|4|2|1|5|3
$Board:
#Board:
1.0.0
#AgentA:
-1,-1,-1,-1
#AgentB:
-1,-1,-1,-1
#Highlight:
2,3,2,5
#Score:
3
#Notification:
-1
#Content:
4|3|4|1|2|1|2
3|5|1|3|3|1|3
2|1|4|5|5|5|4
3|4|1|4|4|2|3
2|5|2|2|1|5|3
4|2|5|3|4|4|5
1|3|4|2|1|5|3
$Board:
#Board:
1.0.0~1
#AgentA:
-1,-1,-1,-1
#AgentB:
-1,-1,-1,-1
#Highlight:
-1,-1,-1,-1
#Score:
6
#Notification:
0
#Content:
4|3|4|1|2|1|2
3|5|1|3|3|1|3
2|1|4|0|0|0|4
3|4|1|4|4|2|3
2|5|2|2|1|5|3
4|2|5|3|4|4|5
1|3|4|2|1|5|3
$Board:
#Board:
1.0.0~2
#AgentA:
2,2,3,2
#AgentB:
5,6,5,5
#Highlight:
-1,-1,-1,-1
#Score:
6
#Notification:
0
#Content:
4|3|4|5|1|4|2
3|5|1|1|2|1|3
2|1|4|3|3|1|4
3|4|1|4|4|2|3
2|5|2|2|1|5|3
4|2|5|3|4|4|5
1|3|4|2|1|5|3
$Board:
~~
#Board:
1.1.1.1
#AgentA:
-1,-1,-1,-1
#AgentB:
-1,-1,-1,-1
#Highlight:
4,3,4,0
#Score:
10
#Notification:
1
#Content:
3|4|1|3|2|4|2
2|2|3|4|3|1|3
2|5|1|1|2|1|4
3|4|5|3|3|2|3
2|2|2|2|1|5|3
4|5|5|3|4|4|5
1|3|4|2|1|5|3
$Board:
#Board:
1.1.1.1~1
#AgentA:
-1,-1,-1,-1
#AgentB:
-1,-1,-1,-1
#Highlight:
-1,-1,-1,-1
#Score:
14
#Notification:
0
#Content:
3|4|1|3|2|4|2
2|2|3|4|3|1|3
2|5|1|1|2|1|4
3|4|5|3|3|2|3
0|0|0|0|1|5|3
4|5|5|3|4|4|5
1|3|4|2|1|5|3
$Board:
#Board:
1.1.1.1~2
#AgentA:
-1,-1,-1,-1
#AgentB:
-1,-1,-1,-1
#Highlight:
-1,-1,-1,-1
#Score:
14
#Notification:
0
#Content:
1|4|3|5|2|4|2
3|4|1|3|3|1|3
2|2|3|4|2|1|4
2|5|1|1|3|2|3
3|4|5|3|1|5|3
4|5|5|3|4|4|5
1|3|4|2|1|5|3
$Board:
#Board:
1.1.1.0
#AgentA:
-1,-1,-1,-1
#AgentB:
-1,-1,-1,-1
#Highlight:
4,5,6,5
#Score:
10
#Notification:
0
#Content:
3|4|1|3|2|4|2
2|2|3|4|3|1|3
2|5|1|1|2|1|4
3|4|5|3|3|2|3
2|5|2|2|1|5|3
4|2|5|3|4|5|4
1|3|4|2|1|5|3
$Board:
#Board:
1.1.1.0~1
#AgentA:
-1,-1,-1,-1
#AgentB:
-1,-1,-1,-1
#Highlight:
-1,-1,-1,-1
#Score:
13
#Notification:
0
#Content:
3|4|1|3|2|4|2
2|2|3|4|3|1|3
2|5|1|1|2|1|4
3|4|5|3|3|2|3
2|5|2|2|1|0|3
4|2|5|3|4|0|4
1|3|4|2|1|0|3
$Board:
#Board:
1.1.1.0~2
#AgentA:
-1,-1,-1,-1
#AgentB:
-1,-1,-1,-1
#Highlight:
1,4,1,6
#Score:
13
#Notification:
0
#Content:
3|4|1|3|2|4|2
2|2|3|4|3|3|3
2|5|1|1|2|1|4
3|4|5|3|3|4|3
2|5|2|2|1|1|3
4|2|5|3|4|1|4
1|3|4|2|1|2|3
$Board:
#Board:
1.1.1.0~3
#AgentA:
-1,-1,-1,-1
#AgentB:
-1,-1,-1,-1
#Highlight:
-1,-1,-1,-1
#Score:
16
#Notification:
0
#Content:
3|4|1|3|2|4|2
2|2|3|4|0|0|0
2|5|1|1|2|1|4
3|4|5|3|3|4|3
2|5|2|2|1|1|3
4|2|5|3|4|1|4
1|3|4|2|1|2|3
$Board:
#Board:
1.1.1.0~4
#AgentA:
-1,-1,-1,-1
#AgentB:
-1,-1,-1,-1
#Highlight:
-1,-1,-1,-1
#Score:
16
#Notification:
0
#Content:
3|4|1|3|5|1|5
2|2|3|4|2|4|2
2|5|1|1|2|1|4
3|4|5|3|3|4|3
2|5|2|2|1|1|3
4|2|5|3|4|1|4
1|3|4|2|1|2|3
$Board:
#Board:
1.1.0.1
#AgentA:
-1,-1,-1,-1
#AgentB:
-1,-1,-1,-1
#Highlight:
0,0,3,0
#Score:
7
#Notification:
1
#Content:
2|3|5|1|3|4|2
2|3|4|4|2|1|3
2|5|1|1|3|1|4
2|1|4|3|4|2|3
3|4|1|4|1|5|3
4|5|5|3|4|4|5
1|3|4|2|1|5|3
$Board:
#Board:
1.1.0.1~1
#AgentA:
-1,-1,-1,-1
#AgentB:
-1,-1,-1,-1
#Highlight:
-1,-1,-1,-1
#Score:
11
#Notification:
0
#Content:
0|3|5|1|3|4|2
0|3|4|4|2|1|3
0|5|1|1|3|1|4
0|1|4|3|4|2|3
3|4|1|4|1|5|3
4|5|5|3|4|4|5
1|3|4|2|1|5|3
$Board:
#Board:
1.1.0.1~2
#AgentA:
-1,-1,-1,-1
#AgentB:
-1,-1,-1,-1
#Highlight:
-1,-1,-1,-1
#Score:
11
#Notification:
0
#Content:
5|3|5|1|3|4|2
4|3|4|4|2|1|3
2|5|1|1|3|1|4
2|1|4|3|4|2|3
3|4|1|4|1|5|3
4|5|5|3|4|4|5
1|3|4|2|1|5|3
$Board:
#Board:
1.1.0.0
#AgentA:
-1,-1,-1,-1
#AgentB:
-1,-1,-1,-1
#Highlight:
3,4,5,4
#Score:
7
#Notification:
0
#Content:
2|3|5|1|3|4|2
3|2|4|4|2|1|3
2|5|1|1|3|1|4
2|1|4|3|4|2|3
3|4|1|1|4|5|3
4|5|5|3|4|4|5
1|3|4|2|1|5|3
$Board:
#Board:
1.1.0.0~1
#AgentA:
-1,-1,-1,-1
#AgentB:
-1,-1,-1,-1
#Highlight:
-1,-1,-1,-1
#Score:
10
#Notification:
0
#Content:
2|3|5|1|3|4|2
3|2|4|4|2|1|3
2|5|1|1|3|1|4
2|1|4|3|0|2|3
3|4|1|1|0|5|3
4|5|5|3|0|4|5
1|3|4|2|1|5|3
$Board:
#Board:
1.1.0.0~2
#AgentA:
-1,-1,-1,-1
#AgentB:
-1,-1,-1,-1
#Highlight:
2,2,2,5
#Score:
10
#Notification:
0
#Content:
2|3|5|1|3|4|2
3|2|4|4|2|1|3
2|5|1|1|1|1|4
2|1|4|3|3|2|3
3|4|1|1|2|5|3
4|5|5|3|3|4|5
1|3|4|2|1|5|3
$Board:
#Board:
1.1.0.0~3
#AgentA:
-1,-1,-1,-1
#AgentB:
-1,-1,-1,-1
#Highlight:
-1,-1,-1,-1
#Score:
14
#Notification:
0
#Content:
2|3|5|1|3|4|2
3|2|4|4|2|1|3
2|5|0|0|0|0|4
2|1|4|3|3|2|3
3|4|1|1|2|5|3
4|5|5|3|3|4|5
1|3|4|2|1|5|3
$Board:
#Board:
1.1.0.0~4
#AgentA:
-1,-1,-1,-1
#AgentB:
-1,-1,-1,-1
#Highlight:
-1,-1,-1,-1
#Score:
14
#Notification:
0
#Content:
2|3|1|3|4|5|2
3|2|5|1|3|4|3
2|5|4|4|2|1|4
2|1|4|3|3|2|3
3|4|1|1|2|5|3
4|5|5|3|3|4|5
1|3|4|2|1|5|3
$Board:
#Board:
1.0.1.1
#AgentA:
-1,-1,-1,-1
#AgentB:
-1,-1,-1,-1
#Highlight:
4,0,4,3
#Score:
10
#Notification:
1
#Content:
4|2|4|3|1|1|2
3|3|5|1|2|1|3
2|5|4|5|3|5|4
3|4|1|3|5|2|3
2|2|2|2|1|5|3
4|5|5|3|4|4|5
1|3|4|2|1|5|3
$Board:
#Board:
1.0.1.1~1
#AgentA:
-1,-1,-1,-1
#AgentB:
-1,-1,-1,-1
#Highlight:
-1,-1,-1,-1
#Score:
14
#Notification:
0
#Content:
4|2|4|3|1|1|2
3|3|5|1|2|1|3
2|5|4|5|3|5|4
3|4|1|3|5|2|3
0|0|0|0|1|5|3
4|5|5|3|4|4|5
1|3|4|2|1|5|3
$Board:
#Board:
1.0.1.1~2
#AgentA:
-1,-1,-1,-1
#AgentB:
-1,-1,-1,-1
#Highlight:
-1,-1,-1,-1
#Score:
14
#Notification:
0
#Content:
1|5|1|4|1|1|2
4|2|4|3|2|1|3
3|3|5|1|3|5|4
2|5|4|5|5|2|3
3|4|1|3|1|5|3
4|5|5|3|4|4|5
1|3|4|2|1|5|3
$Board:
#Board:
1.0.1.0
#AgentA:
-1,-1,-1,-1
#AgentB:
-1,-1,-1,-1
#Highlight:
2,3,2,5
#Score:
10
#Notification:
0
#Content:
4|2|4|3|1|1|2
3|3|5|1|2|1|3
2|5|4|5|5|5|4
3|4|1|3|3|2|3
2|5|2|2|1|5|3
4|2|5|3|4|4|5
1|3|4|2|1|5|3
$Board:
#Board:
1.0.1.0~1
#AgentA:
-1,-1,-1,-1
#AgentB:
-1,-1,-1,-1
#Highlight:
-1,-1,-1,-1
#Score:
13
#Notification:
0
#Content:
4|2|4|3|1|1|2
3|3|5|1|2|1|3
2|5|4|0|0|0|4
3|4|1|3|3|2|3
2|5|2|2|1|5|3
4|2|5|3|4|4|5
1|3|4|2|1|5|3
$Board:
#Board:
1.0.1.0~2
#AgentA:
-1,-1,-1,-1
#AgentB:
-1,-1,-1,-1
#Highlight:
0,5,2,5
#Score:
13
#Notification:
0
#Content:
4|2|4|3|2|1|2
3|3|5|3|1|1|3
2|5|4|1|2|1|4
3|4|1|3|3|2|3
2|5|2|2|1|5|3
4|2|5|3|4|4|5
1|3|4|2|1|5|3
$Board:
#Board:
1.0.1.0~3
#AgentA:
-1,-1,-1,-1
#AgentB:
-1,-1,-1,-1
#Highlight:
-1,-1,-1,-1
#Score:
16
#Notification:
0
#Content:
4|2|4|3|2|0|2
3|3|5|3|1|0|3
2|5|4|1|2|0|4
3|4|1|3|3|2|3
2|5|2|2|1|5|3
4|2|5|3|4|4|5
1|3|4|2|1|5|3
$Board:
#Board:
1.0.1.0~4
#AgentA:
-1,-1,-1,-1
#AgentB:
-1,-1,-1,-1
#Highlight:
-1,-1,-1,-1
#Score:
16
#Notification:
0
#Content:
4|2|4|3|2|1|2
3|3|5|3|1|5|3
2|5|4|1|2|4|4
3|4|1|3|3|2|3
2|5|2|2|1|5|3
4|2|5|3|4|4|5
1|3|4|2|1|5|3
$Board:
#Board:
1.0.0.1
#AgentA:
-1,-1,-1,-1
#AgentB:
-1,-1,-1,-1
#Highlight:
3,1,3,4
#Score:
6
#Notification:
1
#Content:
4|3|4|5|1|4|2
3|5|1|1|2|1|3
2|1|1|3|3|1|4
3|4|4|4|4|2|3
2|5|2|2|1|5|3
4|2|5|3|4|4|5
1|3|4|2|1|5|3
$Board:
#Board:
1.0.0.1~1
#AgentA:
-1,-1,-1,-1
#AgentB:
-1,-1,-1,-1
#Highlight:
-1,-1,-1,-1
#Score:
10
#Notification:
0
#Content:
4|3|4|5|1|4|2
3|5|1|1|2|1|3
2|1|1|3|3|1|4
3|0|0|0|0|2|3
2|5|2|2|1|5|3
4|2|5|3|4|4|5
1|3|4|2|1|5|3
$Board:
#Board:
1.0.0.1~2
#AgentA:
-1,-1,-1,-1
#AgentB:
-1,-1,-1,-1
#Highlight:
-1,-1,-1,-1
#Score:
10
#Notification:
0
#Content:
4|1|2|4|3|4|2
3|3|4|5|1|1|3
2|5|1|1|2|1|4
3|1|1|3|3|2|3
2|5|2|2|1|5|3
4|2|5|3|4|4|5
1|3|4|2|1|5|3
$Board:
#Board:
1.0.0.0
#AgentA:
-1,-1,-1,-1
#AgentB:
-1,-1,-1,-1
#Highlight:
4,5,6,5
#Score:
6
#Notification:
0
#Content:
4|3|4|5|1|4|2
3|5|1|1|2|1|3
2|1|4|3|3|1|4
3|4|1|4|4|2|3
2|5|2|2|1|5|3
4|2|5|3|4|5|4
1|3|4|2|1|5|3
$Board:
#Board:
1.0.0.0~1
#AgentA:
-1,-1,-1,-1
#AgentB:
-1,-1,-1,-1
#Highlight:
-1,-1,-1,-1
#Score:
9
#Notification:
0
#Content:
4|3|4|5|1|4|2
3|5|1|1|2|1|3
2|1|4|3|3|1|4
3|4|1|4|4|2|3
2|5|2|2|1|0|3
4|2|5|3|4|0|4
1|3|4|2|1|0|3
$Board:
#Board:
1.0.0.0~2
#AgentA:
-1,-1,-1,-1
#AgentB:
-1,-1,-1,-1
#Highlight:
3,3,3,5
#Score:
9
#Notification:
0
#Content:
4|3|4|5|1|5|2
3|5|1|1|2|5|3
2|1|4|3|3|2|4
3|4|1|4|4|4|3
2|5|2|2|1|1|3
4|2|5|3|4|1|4
1|3|4|2|1|2|3
$Board:
#Board:
1.0.0.0~3
#AgentA:
-1,-1,-1,-1
#AgentB:
-1,-1,-1,-1
#Highlight:
-1,-1,-1,-1
#Score:
12
#Notification:
0
#Content:
4|3|4|5|1|5|2
3|5|1|1|2|5|3
2|1|4|3|3|2|4
3|4|1|0|0|0|3
2|5|2|2|1|1|3
4|2|5|3|4|1|4
1|3|4|2|1|2|3
$Board:
#Board:
1.0.0.0~4
#AgentA:
-1,-1,-1,-1
#AgentB:
-1,-1,-1,-1
#Highlight:
-1,-1,-1,-1
#Score:
12
#Notification:
0
#Content:
4|3|4|1|3|4|2
3|5|1|5|1|5|3
2|1|4|1|2|5|4
3|4|1|3|3|2|3
2|5|2|2|1|1|3
4|2|5|3|4|1|4
1|3|4|2|1|2|3
$Board:
~~
$Tree: